<template>
  <!-- <svg id="rightCorner" xmlns="http://www.w3.org/2000/svg" viewBox="0 0 195.36 193.48">
    <path
      d="M198.7,103.81c0,3.17-1.06,60.48-43.95,84.63-18.7,10.53-36.93,10-56.3,9.44-20.58-.59-44.07-1.27-60.29-17.43-6.61-6.59-11.44-18.56-21.09-42.52C9.69,119.64,6,110.49,4.75,103.63c-4.1-22.33-.5-60,28-82.26C51.08,7,78.71-.18,100.09,8.29,111.9,13,111,18.13,127.51,26.82c24.33,12.76,35.23,6.28,49,15.61C198.84,57.51,198.73,93.58,198.7,103.81Z"
      transform="translate(-3.34 -4.66)"
    />
  </svg> -->

  <!-- <svg id="leftCorner" xmlns="http://www.w3.org/2000/svg" viewBox="0 0 193.96 193.53">
    <path
      d="M194.17,99.39c-13.36,34.63-5.31,54.78-20.69,74-17.89,22.39-56.56,29.89-82.4,20-14.6-5.6-15.52-13.08-43.16-27.11-23-11.64-26.45-8.58-33.54-16.05C-3.23,131.64.8,94.13,15.45,69.61,21.19,60,28.08,54.05,41.85,42.14,60.74,25.81,77,11.77,101.6,6.82c11.41-2.29,30-6,46.55,3.57,16.06,9.32,8.71,18.76,33.89,47.8,6,6.89,14.06,15.2,14.63,27.47A32.52,32.52,0,0,1,194.17,99.39Z"
      transform="translate(-2.74 -4.15)"
    />
  </svg> -->

  <svg id="leftCorner" xmlns="http://www.w3.org/2000/svg" viewBox="0 0 200 200">
    <path transform="translate(100 100)">
      <animate
        attributeName="d"
        dur="15000ms"
        repeatCount="indefinite"
        values="M43.7,-74.4C57.5,-67.8,70,-57.7,77.5,-44.8C84.9,-31.8,87.3,-15.9,87,-0.2C86.7,15.5,83.7,31.1,76.5,44.5C69.3,57.8,57.8,69,44.4,77.8C30.9,86.6,15.4,93,0.4,92.4C-14.7,91.7,-29.4,84.1,-43,75.3C-56.5,66.6,-69,56.8,-76.7,44.1C-84.4,31.3,-87.5,15.7,-86.8,0.4C-86.1,-14.8,-81.6,-29.7,-73.8,-42.3C-66,-55,-54.9,-65.4,-42.1,-72.6C-29.2,-79.8,-14.6,-83.7,0.2,-84C15,-84.3,30,-81.1,43.7,-74.4Z;
        M46.8,-79.5C60.9,-72.8,72.8,-60.9,79.4,-46.7C85.9,-32.6,87.1,-16.3,86.6,-0.3C86.1,15.7,83.9,31.4,77,45C70.1,58.5,58.5,69.8,44.9,77.6C31.2,85.3,15.6,89.4,-0.4,90C-16.3,90.7,-32.7,87.8,-46.7,80.3C-60.8,72.8,-72.6,60.8,-81,46.6C-89.4,32.5,-94.4,16.2,-94,0.2C-93.7,-15.8,-88,-31.7,-79.6,-45.7C-71.1,-59.8,-59.9,-72,-46.1,-78.9C-32.4,-85.8,-16.2,-87.4,0.1,-87.5C16.3,-87.6,32.6,-86.2,46.8,-79.5Z;
        M46.2,-80.1C60,-72.1,71.3,-59.9,79.1,-45.9C86.8,-31.8,91,-15.9,91.2,0.1C91.4,16.1,87.6,32.3,79.2,45.1C70.8,58,57.7,67.6,43.7,74.7C29.7,81.8,14.9,86.3,-0.4,87C-15.6,87.6,-31.2,84.4,-45.2,77.3C-59.2,70.3,-71.7,59.4,-80.1,45.9C-88.5,32.4,-92.9,16.2,-93.1,-0.1C-93.2,-16.4,-89.2,-32.8,-80.5,-45.9C-71.9,-58.9,-58.6,-68.7,-44.4,-76.5C-30.2,-84.2,-15.1,-89.9,0.6,-90.8C16.2,-91.8,32.4,-88,46.2,-80.1Z;
        M45.4,-78.7C59.3,-70.6,71.3,-59.4,79.4,-45.7C87.4,-32.1,91.3,-16.1,90.7,-0.4C90.1,15.3,84.9,30.7,77.2,44.9C69.6,59.1,59.4,72.2,46.1,80.3C32.8,88.3,16.4,91.3,0.9,89.8C-14.6,88.2,-29.3,82.2,-42.9,74.3C-56.6,66.5,-69.3,56.9,-76.9,44.2C-84.5,31.6,-86.9,15.8,-86.3,0.3C-85.8,-15.1,-82.1,-30.2,-75.4,-44.4C-68.7,-58.7,-59,-72.1,-46,-80.7C-32.9,-89.3,-16.4,-93,-0.4,-92.4C15.7,-91.8,31.5,-86.8,45.4,-78.7Z;
        M46.7,-81.3C60.1,-73.1,70.3,-59.8,76.7,-45.4C83.1,-31,85.7,-15.5,85.6,-0.1C85.5,15.4,82.7,30.7,75.4,43.6C68.1,56.4,56.2,66.7,42.9,74.1C29.6,81.4,14.8,85.9,-0.5,86.8C-15.8,87.6,-31.6,84.8,-44.9,77.4C-58.1,70,-68.9,58,-75.9,44.3C-82.9,30.6,-86.2,15.3,-86.1,0C-86.1,-15.2,-82.6,-30.5,-75.1,-43.4C-67.7,-56.2,-56.1,-66.8,-43,-75.1C-29.8,-83.3,-14.9,-89.4,0.9,-90.9C16.6,-92.4,33.3,-89.4,46.7,-81.3Z;
        M43.7,-74.4C57.5,-67.8,70,-57.7,77.5,-44.8C84.9,-31.8,87.3,-15.9,87,-0.2C86.7,15.5,83.7,31.1,76.5,44.5C69.3,57.8,57.8,69,44.4,77.8C30.9,86.6,15.4,93,0.4,92.4C-14.7,91.7,-29.4,84.1,-43,75.3C-56.5,66.6,-69,56.8,-76.7,44.1C-84.4,31.3,-87.5,15.7,-86.8,0.4C-86.1,-14.8,-81.6,-29.7,-73.8,-42.3C-66,-55,-54.9,-65.4,-42.1,-72.6C-29.2,-79.8,-14.6,-83.7,0.2,-84C15,-84.3,30,-81.1,43.7,-74.4Z"
      />
    </path>
  </svg>

  <svg id="rightCorner" xmlns="http://www.w3.org/2000/svg" viewBox="0 0 200 200">
    <path transform="translate(100 100)">
      <animate
        attributeName="d"
        dur="15000ms"
        repeatCount="indefinite"
        values="M43.7,-74.4C57.5,-67.8,70,-57.7,77.5,-44.8C84.9,-31.8,87.3,-15.9,87,-0.2C86.7,15.5,83.7,31.1,76.5,44.5C69.3,57.8,57.8,69,44.4,77.8C30.9,86.6,15.4,93,0.4,92.4C-14.7,91.7,-29.4,84.1,-43,75.3C-56.5,66.6,-69,56.8,-76.7,44.1C-84.4,31.3,-87.5,15.7,-86.8,0.4C-86.1,-14.8,-81.6,-29.7,-73.8,-42.3C-66,-55,-54.9,-65.4,-42.1,-72.6C-29.2,-79.8,-14.6,-83.7,0.2,-84C15,-84.3,30,-81.1,43.7,-74.4Z;
        M45.4,-78.7C59.3,-70.6,71.3,-59.4,79.4,-45.7C87.4,-32.1,91.3,-16.1,90.7,-0.4C90.1,15.3,84.9,30.7,77.2,44.9C69.6,59.1,59.4,72.2,46.1,80.3C32.8,88.3,16.4,91.3,0.9,89.8C-14.6,88.2,-29.3,82.2,-42.9,74.3C-56.6,66.5,-69.3,56.9,-76.9,44.2C-84.5,31.6,-86.9,15.8,-86.3,0.3C-85.8,-15.1,-82.1,-30.2,-75.4,-44.4C-68.7,-58.7,-59,-72.1,-46,-80.7C-32.9,-89.3,-16.4,-93,-0.4,-92.4C15.7,-91.8,31.5,-86.8,45.4,-78.7Z;
        M46.8,-79.5C60.9,-72.8,72.8,-60.9,79.4,-46.7C85.9,-32.6,87.1,-16.3,86.6,-0.3C86.1,15.7,83.9,31.4,77,45C70.1,58.5,58.5,69.8,44.9,77.6C31.2,85.3,15.6,89.4,-0.4,90C-16.3,90.7,-32.7,87.8,-46.7,80.3C-60.8,72.8,-72.6,60.8,-81,46.6C-89.4,32.5,-94.4,16.2,-94,0.2C-93.7,-15.8,-88,-31.7,-79.6,-45.7C-71.1,-59.8,-59.9,-72,-46.1,-78.9C-32.4,-85.8,-16.2,-87.4,0.1,-87.5C16.3,-87.6,32.6,-86.2,46.8,-79.5Z;
        M46.7,-81.3C60.1,-73.1,70.3,-59.8,76.7,-45.4C83.1,-31,85.7,-15.5,85.6,-0.1C85.5,15.4,82.7,30.7,75.4,43.6C68.1,56.4,56.2,66.7,42.9,74.1C29.6,81.4,14.8,85.9,-0.5,86.8C-15.8,87.6,-31.6,84.8,-44.9,77.4C-58.1,70,-68.9,58,-75.9,44.3C-82.9,30.6,-86.2,15.3,-86.1,0C-86.1,-15.2,-82.6,-30.5,-75.1,-43.4C-67.7,-56.2,-56.1,-66.8,-43,-75.1C-29.8,-83.3,-14.9,-89.4,0.9,-90.9C16.6,-92.4,33.3,-89.4,46.7,-81.3Z;
        M46.2,-80.1C60,-72.1,71.3,-59.9,79.1,-45.9C86.8,-31.8,91,-15.9,91.2,0.1C91.4,16.1,87.6,32.3,79.2,45.1C70.8,58,57.7,67.6,43.7,74.7C29.7,81.8,14.9,86.3,-0.4,87C-15.6,87.6,-31.2,84.4,-45.2,77.3C-59.2,70.3,-71.7,59.4,-80.1,45.9C-88.5,32.4,-92.9,16.2,-93.1,-0.1C-93.2,-16.4,-89.2,-32.8,-80.5,-45.9C-71.9,-58.9,-58.6,-68.7,-44.4,-76.5C-30.2,-84.2,-15.1,-89.9,0.6,-90.8C16.2,-91.8,32.4,-88,46.2,-80.1Z;
        M43.7,-74.4C57.5,-67.8,70,-57.7,77.5,-44.8C84.9,-31.8,87.3,-15.9,87,-0.2C86.7,15.5,83.7,31.1,76.5,44.5C69.3,57.8,57.8,69,44.4,77.8C30.9,86.6,15.4,93,0.4,92.4C-14.7,91.7,-29.4,84.1,-43,75.3C-56.5,66.6,-69,56.8,-76.7,44.1C-84.4,31.3,-87.5,15.7,-86.8,0.4C-86.1,-14.8,-81.6,-29.7,-73.8,-42.3C-66,-55,-54.9,-65.4,-42.1,-72.6C-29.2,-79.8,-14.6,-83.7,0.2,-84C15,-84.3,30,-81.1,43.7,-74.4Z"
      />
    </path>
  </svg>
</template>
